[drift]
speed=0.025
orient=path
closed=1

      20         0         0
      16         1         0
      12         2         4
       8         2         8
       8         0         9
       8        -2         7
      12        -1         3
      16         0         1
      20         0         0

[weave]
speed=0.025
orient=path
closed=1

      20         0         0
      14         1         0
       8         2         3
       2         2         6
      -5         1         7
      -8         0         5
      -5        -1         2
       2        -1         0
       8         0         2
      14         0         1
      20         0         0

[plotted]
speed=0.025
orient=path
closed=1

      20         0         0
       8         1         0
       6         2         0
      -6         2         0
      -8         1         0
     -10         0         0
     -16         0        -4
     -22         0         0
     -16         0         4
      -8         0         1
      -4         0         0
      -3        -1         0
       2        -2         0
      10        -1         0
      30         0        20
      38         0         0
      30         0       -20
      26         0        -4
      22         0         0
      20         0         0

[browser_built]
speed=0.05
orient=path
closed=1

      20    0.6200   -7.3700
  7.7200         1    3.4200
  2.5700    3.8800    6.7800
      -8   -5.5600   20.2800
 -2.9700   -6.1400   -9.2700
       8         0         2
  9.7800         0    8.0700
  1.5100    7.2500   17.7900
 -2.7400         0   29.5100
 28.4900         0   34.6400
 21.4300    7.4300    6.1400
 15.5600         0   19.7200
  9.4200    5.6000   21.7600
  9.4200    7.8500   38.7600
 19.9300    4.5900   46.4000
 26.9300    4.0300         0
 26.1800         0  -15.7900
 21.3600         0  -22.1500
 17.8600   -0.9800  -19.4800
  4.2600         0  -18.7400
      20    0.6200   -7.3700

[latest_greatest]
speed=0.3
orient=path
closed=1

      28    2.6700   22.3300
 21.3800    0.6200   21.5700
 27.4500   -0.9400    9.1700
      21   -3.3500    0.1100
  0.2900    2.2200    0.1400
 -8.8800    1.8100    0.6400
-17.1500   -3.1600   10.3400
-22.6100         0    1.0800
-17.2900    3.4800   -0.2000
 -0.0300   -2.6100   -0.8000
 13.2000   -2.7200   -2.0800
 16.1900   -2.7200  -17.1300
 27.8800   -1.9100  -18.2900
 33.4700    0.6800    1.6400
      28    2.6700   22.3300

[bob_n_weave]
speed=0.25
orient=target:0,6,0
closed=1

  8.3000   -0.2000    2.2800
 14.9200    3.6500    6.7600
 15.0600    5.7300    9.8800
  9.8800    4.5900   11.5600
  7.5300    5.1700    6.9200
  7.6000    1.4300    6.1800
 14.9100    4.2900    2.3700
 15.5400    4.1300   -2.2900
  7.0600    1.4800   -7.7400
  7.3400    4.9700   -7.3800
      10    4.5900  -11.0900
 15.3300    5.6600   -9.7200
 15.1700    3.1300   -6.7400
  8.3400   -0.3000   -1.8500
  8.3000   -0.2000    2.2800

[foobar]
speed=0.25
orient=target:0,6,0
standoff=3
closed=1

      20        11         0
      20    9.9282         4
      20         7    6.9282
      20         3         8
      20        -1    6.9282
      20   -3.9282         4
      20        -5         0
      20   -3.9282        -4
      20        -1   -6.9282
      20         3        -8
      20         7   -6.9282
      20    9.9282        -4
      20        11         0

track: offsetAngle, 0.5661, 0, linear
track: standoff, 0.3723, 3, linear
track: standoff, 0.4810, 0, linear
track: standoff, 0.9829, 0, linear

[you_call_that_craft_roll]
speed=0.25
orient=target:0,0,0
closed=1

 16.4970         0  -17.0546
 28.3460         0  -16.7136
 27.8394         0   15.5773
 45.4354         0   29.1127
 54.9101         0  -12.3055
 40.5626         0  -21.5096
 25.1323         0   23.9693
 18.6353         0   13.6824
 16.4970         0  -17.0546

[sick_twists]
speed=0.25
orient=path
closed=1

 11.1181   -4.4059  -17.0546
 39.3595   -5.2064  -16.7136
 27.8394         0   15.5773
 45.4354         0   29.1127
 54.9101   11.8824  -11.0059
 43.3327    8.2100  -21.5096
 31.9313    2.0316  -21.5096
 19.5866   -8.4108   23.9693
 13.0229   -0.4992   12.5684
 11.1181   -4.4059  -17.0546

track: offsetAngle, 0.2999, 0, linear

[twist_and_roll]
speed=0.25
orient=path
closed=1

 11.1181   -4.4059  -17.0546
 39.3595   -5.2064  -16.7136
 27.8394         0   15.5773
 45.4354         0   29.1127
 54.9101   11.8824  -11.0059
 43.3327    8.2100  -21.5096
 31.9313    2.0316  -21.5096
 21.4972   -8.5769   23.9693
 13.0229   -0.4992   12.5684
 11.1181   -4.4059  -17.0546

craftroll: 0.0912, 0.0283, 45, cw, relative, in-out
craftroll: 0.1213, 0.0263, 45, ccw, relative, in-out
craftroll: 0.2187, 0.0303, 50, ccw, relative, in-out
craftroll: 0.5709, 0.0611, 45, ccw, relative, in-out
craftroll: 0.6855, 0.0740, 150, cw, relative, in-out
craftroll: 0.8672, 0.0279, 30, ccw, relative, in-out
